     0/299    0.245G 6.541e-07     1.368 1.658e-06        18       640         0         0         0         0         0 6.186e-11     1.232  3.12e-10
     1/299     2.25G 0.0002761    0.3933 0.0004553        17       640         0         0         0         0         0 9.964e-12   0.02073 5.378e-11
     2/299     2.25G 8.206e-07   0.01286 1.933e-06        27       640         0         0         0         0         0 6.802e-12  0.005771 4.155e-11
     3/299     2.25G 8.583e-08  0.004782 1.733e-07        22       640         0         0         0         0         0 1.637e-12  0.003685 1.019e-11
     4/299     2.25G  0.005028   0.01546  0.005583        14       640         0         0         0         0         0 1.284e-12  0.003264 7.519e-12
     5/299     2.25G  0.004385   0.01251  0.004479        12       640         0         0         0         0         0 4.348e-13  0.003065  1.69e-12
     6/299     2.25G 1.395e-05  0.002762 2.288e-05        32       640         0         0         0         0         0 1.094e-14  0.002873 5.089e-14
     7/299     2.25G  0.003818   0.01183  0.003864        22       640         0         0         0         0         0 6.263e-16  0.002729 1.938e-15
     8/299     2.25G  0.001227  0.004835  0.001627        10       640         0         0         0         0         0 8.509e-15  0.002572 2.331e-14
     9/299     2.25G  0.001499  0.005605  0.001336        26       640         0         0         0         0         0 2.534e-10  0.002432 5.675e-10
    10/299     2.25G  0.002057  0.006472   0.00215        20       640         0         0         0         0         0 1.345e-12   0.00233 3.835e-12
    11/299     2.25G  0.003113  0.008541  0.003771         7       640         0         0         0         0         0 2.046e-05  0.002293 1.871e-05
    12/299     2.25G  0.005967   0.01799  0.006879        12       640         0         0         0         0         0  0.001564  0.005203   0.00129
    13/299     2.25G  0.009546   0.02559   0.01076        10       640         0         0         0         0         0  0.003806   0.01012  0.003249
    14/299     2.25G   0.01765   0.04494    0.0182        21       640         0         0         0         0         0 1.995e-06  0.002438 2.827e-06
    15/299     2.25G   0.00698   0.02575  0.009162        11       640         0         0         0         0         0   0.02569   0.05656   0.02414
    16/299     2.25G   0.02362   0.05598   0.02372        25       640         0         0         0         0         0   0.01868   0.05423   0.02002
    17/299     2.25G   0.02771   0.07803   0.03437        14       640         0         0         0         0         0   0.02237   0.05207   0.02175
    18/299     2.25G   0.02721   0.06206   0.02757        12       640         0         0         0         0         0    0.0207   0.04806   0.02051
    19/299     2.25G   0.03105     0.068    0.0329        32       640         0         0         0         0         0   0.01981   0.04277   0.02072
    20/299     2.25G   0.03012   0.05798   0.02927        26       640 0.0001719  0.009804 2.879e-06         0 5.758e-07   0.02029   0.05536   0.02084
    21/299     2.25G   0.02755   0.05254   0.02816        10       640  0.001027  0.004902 5.795e-05 8.057e-07 1.242e-05   0.01758    0.2062   0.01929
    22/299     2.25G   0.03003    0.0573   0.03149        17       640   0.02755  0.004902 0.0002398 1.638e-06 4.983e-05   0.01846    0.2056   0.01975
    23/299     2.25G   0.03003   0.05759   0.03161        18       640 0.0007466  0.004902 1.719e-05         0 2.799e-06   0.02061    0.1219   0.02066
    24/299     2.25G   0.02947   0.05592   0.03215         9       640  0.000865   0.06863 6.574e-05  1.05e-06 1.247e-05   0.01888   0.07871   0.02026
    25/299     2.25G   0.02953   0.05278    0.0318        14       640  0.003142  0.009804 7.639e-05         0 2.393e-05   0.02092   0.07348   0.02016
    26/299     2.25G   0.02978   0.05443     0.032        21       640  0.007242  0.009804 0.0005365         0 5.546e-05   0.02109   0.05212   0.01974
    27/299     2.25G   0.02965   0.05374   0.03189        21       640 0.0003711  0.004902 7.144e-06         0 7.144e-07    0.0202    0.0404   0.01983
    28/299     2.25G   0.02884    0.0563   0.02983        18       640  0.003144  0.004902  8.65e-05 3.691e-05 3.855e-05   0.02003   0.03927   0.01928
    29/299     2.25G   0.02956   0.05215   0.03106        10       640 0.0004149  0.004902 1.286e-05         0 1.286e-06   0.01948   0.04046   0.01994
    30/299     2.25G   0.02752   0.04998   0.02793        24       640  0.002226   0.01961  6.56e-05         0 1.272e-05   0.02068   0.03928   0.01932
    31/299     2.25G   0.02882   0.05417   0.03058        17       640  0.002198   0.01961 6.496e-05 5.587e-06  3.36e-05   0.01937    0.0384   0.01886
    32/299     2.25G   0.02984   0.05579   0.03067        15       640 0.0005258  0.004902 5.577e-05         0 5.577e-06   0.02118   0.03901    0.0192
    33/299     2.25G   0.03039     0.054   0.03066        15       640  0.002699  0.009804 7.195e-05         0 1.053e-05   0.02102   0.03744   0.01891
    34/299     2.26G   0.02823   0.05159    0.0307        15       640  0.004276  0.004902 0.0001311         0 3.136e-05   0.01992   0.03807    0.0189
    35/299     2.26G   0.03031   0.05178   0.03059        13       640   0.00341   0.01961 0.0001335         0  1.96e-05   0.02166   0.03645   0.01942
    36/299     2.26G   0.03278   0.05364   0.03016        24       640 0.0008106   0.01471 4.472e-05         0 9.414e-06   0.02052   0.03934   0.01949
    37/299     2.26G   0.02834   0.05274   0.02986        21       640  0.001397   0.01961 3.666e-05         0 4.177e-06   0.02198    0.0352   0.01973
    38/299     2.26G   0.03251   0.05215   0.02945        21       640  0.004373   0.01471 0.0001983 2.447e-06 4.112e-05   0.02035   0.03407   0.01882
    39/299     2.26G   0.03041   0.05268    0.0293        27       640  0.001441   0.02451  6.04e-05         0 7.501e-06   0.02161   0.03541   0.01889
    40/299     2.26G   0.02898   0.05075   0.02922        25       640   0.01964  0.004902 0.0002314         0 2.429e-05   0.02128   0.03538   0.01872
    41/299     2.26G   0.02831   0.05001   0.03016        23       640  0.002228  0.004902 1.963e-05         0 2.482e-06   0.02329   0.03793   0.01814
    42/299     2.26G   0.02801   0.04971   0.03003        11       640   0.00173   0.03431 9.797e-05 2.235e-06 2.143e-05   0.01995   0.03538   0.01924
    43/299     2.26G   0.02674   0.04796    0.0293        29       640  0.003193   0.02941 0.0001508         0 1.943e-05   0.01889   0.03699   0.01779
    44/299     2.26G   0.02983   0.04895   0.02906        15       640  0.005134   0.01961 0.0001874 1.445e-05 5.464e-05   0.02072   0.03471   0.01883
    45/299     2.26G   0.03071   0.04686   0.02927         9       640   0.01473  0.009804 0.0002254         0  4.38e-05   0.02082    0.0345   0.01882
    46/299     2.26G    0.0299   0.04923   0.02877        42       640   0.04522  0.004902 0.0002677         0 2.742e-05   0.01988   0.03543   0.01878
    47/299     2.26G   0.03014   0.05055   0.02854        24       640   0.02087  0.009804 0.0003346         0 6.407e-05   0.01941   0.03538   0.01853
    48/299     2.26G   0.02555   0.04549   0.02973        18       640  0.001681   0.01961 4.423e-05         0 4.423e-06   0.02064    0.0352   0.01857
    49/299     2.26G    0.0279   0.04722   0.02828        26       640  0.004673   0.03922 0.0002435         0 6.426e-05   0.02058   0.03276    0.0192
    50/299     2.26G   0.02822   0.04668   0.03005        25       640   0.01972  0.004902 0.0001516         0 1.516e-05   0.01932    0.0342   0.01889
    51/299     2.26G   0.02873   0.04677   0.02926        23       640  0.003476   0.02941 0.0001441 6.671e-06 4.287e-05   0.02083   0.03439   0.01875
    52/299     2.26G    0.0291   0.04703   0.03009         7       640  0.005617   0.01961 0.0002039 2.231e-05 4.869e-05   0.02026   0.03457   0.01936
    53/299     2.26G   0.02936   0.04832   0.03029        19       640  0.003191   0.02451 0.0001159         0 2.798e-05   0.02073   0.03548   0.01889
    54/299     2.26G   0.02952   0.04618   0.02833        18       640         0         0         0         0         0   0.02034   0.03637   0.01886
    55/299     2.26G   0.02442   0.03949   0.02317        12       640   0.05815  0.004902 0.0003403         0 3.403e-05   0.02031    0.0345   0.01832
    56/299     2.26G   0.03001   0.04605   0.02951         9       640    0.0169   0.02941  0.001337 7.777e-06 0.0003831   0.01853   0.03173   0.01887
    57/299     2.26G   0.02928   0.04656    0.0291        19       640         0         0         0         0         0   0.02304   0.03328   0.01917
    58/299     2.26G   0.02884   0.04483   0.02937        15       640   0.01234   0.02941 0.0008142         0 0.0001571    0.0193   0.03277   0.01867
    59/299     2.26G   0.02889   0.04571   0.02826        23       640   0.01248   0.02941  0.000659  2.74e-05 0.0001035   0.02003    0.0302   0.01893
    60/299     2.26G   0.02885   0.04424    0.0295        23       640  0.005414   0.01961 0.0002818 9.989e-06 6.926e-05   0.01972   0.03269   0.01839
    61/299     2.26G   0.02882   0.04433   0.02747        17       640  0.004768   0.03431 0.0003177 4.852e-05 8.233e-05    0.0193   0.03282   0.01876
    62/299     2.26G   0.02807   0.04446    0.0283        29       640  0.005288  0.009804 0.0001474         0 2.006e-05   0.02023   0.03582   0.01794
    63/299     2.26G   0.02914   0.04519   0.03004        18       640  0.003802  0.009804 0.0001194         0 3.373e-05   0.02144   0.03096   0.01928
    64/299     2.26G   0.02979   0.04413    0.0292        16       640   0.02337   0.01471 0.0006651         0 9.267e-05   0.02189    0.0295   0.01914
    65/299     2.26G   0.02774   0.04298    0.0287        19       640   0.01666   0.02451 0.0006947  6.15e-05 0.0001592    0.0185   0.03458   0.01875
    66/299     2.26G   0.02866   0.04577   0.02931        18       640  0.009595   0.02451 0.0004372         0 8.165e-05   0.02035   0.03164   0.01857
    67/299     2.26G     0.028   0.04424   0.02852        11       640    0.2972  0.004902  0.002518         0 0.0007527   0.01927   0.03539   0.01874
    68/299     2.26G   0.03005   0.04375   0.02905        13       640   0.04992   0.01471  0.001299  0.000146 0.0004307   0.01918   0.03208     0.019
    69/299     2.26G    0.0288   0.04255   0.02794        15       640  0.006649   0.02451 0.0003035 4.356e-05 9.635e-05   0.01998   0.03313   0.01902
    70/299     2.26G    0.0307   0.04225   0.02853        21       640  0.008885  0.009804 0.0002942         0 5.506e-05   0.01784   0.03138   0.01834
    71/299     2.26G   0.02823   0.04784   0.02858        20       640         0         0         0         0         0   0.01877   0.04273   0.01881
    72/299     2.26G   0.02954   0.04761   0.02889        12       640  0.006744   0.01961 0.0004895 3.166e-06 0.0001088   0.01901   0.03112   0.01839
    73/299     2.26G   0.02594   0.04445   0.02933        10       640   0.04475   0.02941  0.003016 0.0003158 0.0008452   0.02013   0.03046   0.01855
    74/299     2.26G   0.03006   0.04506   0.02851        15       640   0.02224  0.009804 0.0003295         0 3.663e-05   0.02128   0.03033   0.01887
    75/299     2.26G   0.02876   0.04323   0.02804        11       640   0.02653   0.02451  0.000993         0 0.0001358   0.02087   0.03074   0.01933
    76/299     2.26G   0.02777   0.04257   0.02869        19       640   0.03204   0.01961 0.0008924 2.326e-05 0.0001233   0.01899      0.03   0.01867
    77/299     2.26G   0.02655   0.03974   0.02788        17       640   0.03629   0.03431  0.001721 4.843e-05 0.0003288   0.01867   0.02876   0.01877
    78/299     2.26G   0.02743   0.04213   0.02955        18       640   0.01619   0.02451 0.0006725 6.303e-06 0.0001265   0.01827   0.02931   0.01866
    79/299     2.26G   0.02842   0.04228   0.02924        20       640  0.008907   0.01961  0.000456         0 6.974e-05    0.0195    0.0291   0.01867
    80/299     2.26G   0.02865   0.04127   0.02991        16       640  0.009871   0.04412 0.0006112         0 7.533e-05   0.02067   0.02727   0.01889
    81/299     2.26G   0.02947   0.04302   0.02914         9       640   0.02352   0.01961  0.001207 0.0005059  0.000434   0.02046   0.03085   0.01876
    82/299     2.26G   0.02916   0.04231   0.02946        19       640      0.12   0.02941  0.005061 0.0001051 0.0006762   0.01955    0.0271   0.01874
    83/299     2.26G   0.02918   0.04023   0.02725        23       640    0.0088   0.03922   0.00182 1.786e-05   0.00062   0.02034   0.02692   0.01888
    84/299     2.26G   0.02784   0.04313   0.02877        21       640   0.04517   0.01471  0.001248         0 0.0002508   0.01934   0.02778    0.0183
    85/299     2.26G   0.02668   0.04659   0.02836        15       640  0.001317   0.02451 4.455e-05         0 1.019e-05   0.01994   0.03394   0.01922
    86/299     2.26G   0.02888   0.04803   0.02862        24       640  0.007046   0.03431 0.0004511         0 6.904e-05   0.01877   0.05374   0.01869
    87/299     2.26G    0.0283   0.04212   0.02911        10       640   0.07487   0.01471  0.003516 5.091e-06  0.000728   0.01916    0.0553   0.01847
    88/299     2.26G   0.02863   0.04291   0.02943        13       640    0.0769   0.01961  0.002488  9.06e-06 0.0007825    0.0202   0.05287   0.01893
    89/299     2.26G     0.029   0.04153   0.03032        17       640   0.06021   0.01471  0.002661         0 0.0005207   0.02082   0.05494   0.01925
    90/299     2.26G   0.02829   0.03898   0.02776        33       640    0.0163   0.01961 0.0005021  4.45e-05 0.0001153   0.02068   0.02901   0.01912
    91/299     2.26G   0.02849   0.04112   0.02839        17       640   0.03247   0.02451  0.001156  8.99e-06 0.0003007   0.01918   0.03131   0.01882
    92/299     2.26G    0.0295   0.04296   0.02861        18       640  0.005973   0.02451 0.0002305         0 4.607e-05   0.02215   0.02985   0.01921
    93/299     2.26G   0.02743   0.04107   0.02791        19       640  0.004616   0.02451 0.0001965 5.601e-06 4.472e-05   0.02116   0.02793   0.01821
    94/299     2.26G    0.0279   0.04608   0.02844        22       640  0.006177   0.04902  0.000429         0 6.671e-05   0.02034   0.03295   0.01834
    95/299     2.26G   0.02752   0.04364   0.02806        21       640   0.01135   0.02941 0.0006905 1.989e-05 0.0001431   0.01887   0.02928    0.0185
    96/299     2.26G   0.02719   0.04058   0.02923        26       640   0.05807   0.04412   0.01102         0  0.001421   0.01952   0.02662   0.01852
    97/299     2.26G    0.0294   0.04017   0.03007        18       640  0.009573   0.01961 0.0004027         0 5.553e-05   0.02143   0.02744   0.01969
    98/299     2.26G   0.02933   0.03991   0.02977        18       640   0.02304   0.01961 0.0005562         0 0.0001427   0.02116   0.02911   0.01909
    99/299     2.26G   0.02801   0.03858      0.03        25       640  0.006283   0.06373 0.0005718         0 0.0001151   0.01916   0.03065   0.01871
   100/299     2.26G   0.02853    0.0412   0.02866        10       640    0.0122   0.06863 0.0009419 6.684e-05 0.0002635   0.01846   0.02794   0.01863
   101/299     2.26G   0.02851    0.0392   0.02849        21       640   0.01075   0.04902 0.0008405 5.838e-05  0.000225   0.01905    0.0274   0.01864
   102/299     2.26G   0.03027   0.04096   0.03008        12       640    0.2891   0.01471   0.00885         0  0.001907    0.0205   0.02671   0.01907
   103/299     2.26G   0.02978   0.05126    0.0284        28       640   0.02288   0.01961 0.0009131         0 0.0001685   0.02067   0.02898   0.01837
   104/299     2.26G   0.02882   0.04654   0.02745        30       640  0.006679  0.009804 0.0002768 3.112e-06 4.829e-05   0.02026   0.03448    0.0189
   105/299     2.26G   0.02844   0.04178   0.02764         9       640   0.02975   0.03431  0.001433         0 0.0002172   0.01991    0.0521   0.01879
   106/299     2.26G   0.02402   0.04081   0.02776        21       640   0.01446   0.02941 0.0006997 1.414e-05 0.0001498   0.02032   0.05322   0.01877
   107/299     2.26G   0.03201    0.0438   0.03069        11       640   0.01799   0.03431  0.001224         0 0.0002069   0.02067   0.03075   0.01946
   108/299     2.26G   0.03037   0.04208   0.02834        27       640    0.2706   0.01471  0.004691 1.566e-05 0.0005769   0.02031   0.03414   0.01922
   109/299     2.26G   0.02959   0.04237   0.02915        26       640  0.007869   0.02941 0.0002998 1.181e-05 8.373e-05   0.02066   0.03578   0.01948
   110/299     2.26G   0.02744   0.04099   0.03064        15       640  0.008161   0.05392 0.0005671         0 7.816e-05    0.0202     0.035   0.01923
   111/299     2.26G   0.02891   0.03927   0.02931        21       640  0.005579   0.03922 0.0002928         0 3.791e-05   0.02085   0.02973    0.0186
   112/299     2.26G   0.02987   0.03956   0.02946        11       640    0.0984   0.01471  0.004282 7.571e-05 0.0005876   0.01931   0.02765   0.01864
   113/299     2.26G   0.02848   0.03868   0.02766        24       640   0.02742   0.02451   0.00136 1.986e-05 0.0002895   0.01984    0.0275   0.01872
   114/299     2.26G   0.02991   0.03801   0.02721        24       640    0.0961   0.02941  0.006477 9.872e-06 0.0008874   0.02059   0.02577   0.01851
   115/299     2.26G   0.02776   0.03557   0.02951        14       640   0.07491   0.01961  0.002344         0 0.0004221   0.02063   0.02529   0.01841
   116/299     2.26G   0.02739   0.04165   0.02894        18       640         0         0         0         0         0   0.02089   0.04073   0.01871
   117/299     2.26G   0.02887   0.04705   0.02822        22       640   0.03811   0.02451  0.001006 4.804e-05 0.0001754   0.02055   0.03137   0.01861
   118/299     2.26G   0.02952   0.03819   0.02911        30       640   0.01208   0.02451 0.0009294         0 0.0001912   0.02068   0.03145   0.01859
   119/299     2.26G   0.02671   0.04559   0.03016         8       640   0.03299  0.004902 0.0002344         0 2.344e-05   0.02031   0.03572   0.01911
   120/299     2.26G    0.0307   0.05114   0.03055        23       640   0.01579   0.01471 0.0003957         0 5.803e-05   0.01887   0.03948   0.01884
   121/299     2.26G   0.02802   0.05045   0.02901        27       640  0.007407   0.01961  0.000213         0 5.875e-05   0.01914   0.03217   0.01845
   122/299     2.26G   0.02896   0.04275   0.02981        30       640  0.002781   0.03431 0.0001482         0 1.884e-05    0.0207   0.03735   0.01872
   123/299     2.26G   0.02795   0.04461   0.02617        17       640    0.0485   0.02451  0.001747         0 0.0002716   0.02011    0.2011   0.01851
   124/299     2.26G   0.02812   0.04095   0.02901         7       640   0.01748   0.03431 0.0009477 3.182e-06 0.0002508   0.01961   0.05751   0.01887
   125/299     2.26G   0.02748   0.03768   0.02857        36       640   0.02184   0.05882  0.001498 0.0001116 0.0003654   0.01941    0.2313   0.01906
   126/299     2.26G   0.02803   0.03848   0.02983        18       640   0.02941   0.03431  0.001589 4.961e-05 0.0003817   0.01983    0.1687    0.0194
   127/299     2.26G   0.02897   0.03783   0.02848        27       640   0.02628   0.01471 0.0005789         0 6.415e-05   0.02125   0.07154   0.01974
   128/299     2.26G   0.03164   0.03684   0.03008        12       640   0.01521   0.01961 0.0005431         0 8.495e-05    0.0223   0.02708   0.01951
   129/299     2.26G   0.02982   0.03836   0.02842        16       640   0.01951   0.03922  0.001388         0 0.0002235   0.01957   0.04079   0.01903
   130/299     2.26G   0.02949   0.03613   0.02983        11       640   0.02446   0.03431  0.001722 0.0001966 0.0004295   0.01824   0.03419   0.01809
   131/299     2.26G   0.02959   0.03549    0.0289        26       640   0.02642   0.02941  0.001507   8.9e-05  0.000472   0.01929   0.03108   0.01841
   132/299     2.26G   0.02798   0.03444   0.02914        21       640   0.01192   0.06863  0.001036 3.981e-05 0.0001976   0.02078   0.04157    0.0184
   133/299     2.26G   0.02761   0.03842   0.02851        24       640   0.05114   0.05882  0.009542  0.005244  0.003857   0.01826   0.02353   0.01843
   134/299     2.26G   0.02579   0.03765   0.02887        12       640   0.06096   0.05392    0.0106  0.005002  0.003898   0.01855    0.0277   0.01859
   135/299     2.26G   0.02858   0.03711   0.02864        12       640   0.03768   0.05392  0.003961 0.0008456  0.001202   0.01911   0.02431   0.01859
   136/299     2.26G   0.02916   0.03523   0.02922        10       640   0.02269   0.05392  0.001734 3.557e-05 0.0003477   0.01947   0.02342   0.01838
   137/299     2.26G   0.02742   0.03416    0.0287        16       640   0.02425   0.03922   0.00187 6.539e-06 0.0003606   0.01878   0.02505   0.01814
   138/299     2.26G    0.0272   0.03476   0.02858        31       640   0.01147   0.02941 0.0005359         0 0.0001257     0.019    0.0282   0.01845
   139/299     2.26G   0.02871   0.03947   0.02958        21       640   0.02988   0.04412  0.001666 0.0002325 0.0003853   0.01857   0.02596    0.0187
   140/299     2.26G    0.0283   0.03827   0.02902        16       640  0.009638  0.009804 0.0001295         0 3.766e-05   0.02058   0.03345   0.01843
   141/299     2.26G   0.02852   0.03557   0.03014        13       640   0.05828   0.01471  0.001726 4.153e-06 0.0003248   0.02003   0.02798   0.01857
   142/299     2.26G   0.03013   0.03431   0.03057         8       640   0.02396   0.04902  0.002262 6.112e-05 0.0006382   0.01915   0.02384    0.0185
   143/299     2.26G   0.02763   0.03304   0.02916        21       640   0.02898   0.07843  0.002694 1.199e-05 0.0004943   0.01936    0.0238   0.01838
   144/299     2.26G   0.02803   0.03356   0.02755        11       640   0.02564   0.08333  0.002428 5.869e-06  0.000427   0.01877   0.02625   0.01874
   145/299     2.26G   0.02887   0.03397   0.02808        28       640   0.03555   0.05882  0.004324 0.0001879  0.001038   0.01832   0.02284   0.01846
   146/299     2.26G   0.02813   0.03018   0.02839        21       640   0.03026   0.07843  0.002778 3.321e-05 0.0007356   0.01833   0.02559   0.01843
   147/299     2.26G   0.02607   0.03214   0.02712        14       640    0.0214   0.05392  0.002046 0.0002299 0.0004138   0.01894   0.02544   0.01858
   148/299     2.26G   0.02722   0.03215   0.03019         9       640   0.02977   0.05392  0.002739 0.0007674  0.001128   0.01929    0.0239   0.01888
   149/299     2.26G   0.02971   0.03339   0.02871        10       640   0.04012   0.07353  0.004765 3.453e-05 0.0008436   0.01845   0.02323   0.01858
   150/299     2.26G   0.02751   0.03564   0.02797        28       640    0.0596   0.06373  0.004484         0 0.0009117   0.01951   0.02133   0.01811
   151/299     2.26G   0.02793    0.0313   0.02904        12       640    0.0506   0.09804  0.007023 7.799e-05  0.001707   0.01762    0.0245   0.01815
   152/299     2.26G   0.02673   0.03659   0.02805         7       640    0.0297   0.08824  0.003819 1.649e-05 0.0007207   0.01874   0.02696   0.01808
   153/299     2.26G   0.02725   0.04299   0.02791        30       640   0.02512   0.07843  0.003227 0.0002282 0.0009362   0.01787   0.02576   0.01797
   154/299     2.26G   0.02654   0.03948   0.02833        28       640   0.04966   0.05882  0.005562 4.277e-05  0.001355   0.01751   0.02315   0.01797
   155/299     2.26G   0.02767    0.0353   0.02854        13       640   0.02532   0.04412  0.003005 0.0006271 0.0009067   0.01941   0.03234   0.01813
   156/299     2.26G   0.02687   0.03718   0.02868        11       640   0.02779   0.03922   0.00189 8.621e-05 0.0004187   0.01887    0.0263   0.01836
   157/299     2.26G   0.02885   0.03847   0.02808        22       640   0.03786   0.03922  0.003138         0 0.0003951      0.02   0.02908   0.01836
   158/299     2.26G   0.02782    0.0341   0.02853        29       640   0.05988   0.02941  0.004218 5.279e-06 0.0008443   0.01971   0.04231   0.01815
   159/299     2.26G   0.02848   0.03223   0.02812        20       640   0.01546   0.05392  0.001268         0  0.000146   0.02079   0.03979   0.01864
   160/299     2.26G   0.02945   0.03397   0.02696        21       640   0.05377   0.08333  0.006601 8.799e-05  0.001066   0.01905   0.02646   0.01822
   161/299     2.26G   0.02563     0.031   0.02798         7       640   0.04744   0.05392   0.00631 5.679e-05  0.001359   0.01863   0.02625   0.01824
   162/299     2.26G   0.02665   0.03371   0.02987        12       640   0.03464    0.1078   0.01148 0.0003489  0.003422   0.01675   0.02365   0.01792
   163/299     2.26G   0.02628   0.03862   0.02879        24       640   0.02481   0.09314  0.003221 0.0001529 0.0006821   0.01711   0.02572   0.01777
   164/299     2.26G   0.02476   0.03321   0.02707        20       640   0.04623    0.1618   0.01354 0.0001276  0.001872   0.01812   0.02249   0.01774
   165/299     2.26G   0.02612   0.02944   0.02724        18       640   0.03212    0.1127  0.006539 0.0006397  0.001185   0.01797   0.02371   0.01792
   166/299     2.26G   0.02473   0.03084     0.028        20       640   0.07643   0.05882   0.01057 0.0001185  0.001919   0.01801   0.02072   0.01777
   167/299     2.26G   0.02412   0.03318   0.02811        14       640   0.05154   0.07843  0.006393 0.0003224  0.001492   0.01795   0.02085   0.01779
   168/299     2.26G   0.02621   0.03021   0.02873        18       640   0.04304    0.1078  0.005605 0.0001441  0.001053   0.01852    0.0219   0.01779
   169/299     2.26G   0.02759   0.03339   0.02799         9       640   0.03964   0.03922   0.00361 6.993e-05 0.0007178     0.017   0.02485   0.01785
   170/299     2.26G   0.02657     0.034   0.02914        20       640   0.03987   0.07353  0.004103 5.795e-05 0.0009441   0.01852   0.02203   0.01812
   171/299     2.26G    0.0266    0.0296   0.02881        22       640   0.03411   0.09314  0.004069 0.0001249  0.000924   0.01795   0.02249   0.01806
   172/299     2.26G   0.02657   0.03116   0.02842        15       640   0.06668   0.08333   0.01013         0   0.00191   0.01841   0.02104   0.01789
   173/299     2.26G   0.02698   0.03014   0.02745        21       640    0.0821   0.09314   0.01212 4.494e-05  0.002028   0.01739   0.02218   0.01782
   174/299     2.26G   0.02593   0.03193   0.02832         7       640   0.06357    0.1127   0.01035 4.603e-05  0.001887   0.01798   0.02144   0.01779
   175/299     2.26G   0.02642   0.03231   0.02814        16       640   0.04307   0.09314  0.007086 0.0003875  0.001671   0.01764   0.02131    0.0177
   176/299     2.26G    0.0258   0.03109   0.02773        16       640   0.08313   0.07353   0.01077  0.000635  0.002162   0.01806   0.01931   0.01791
   177/299     2.26G    0.0252   0.03261   0.02736        29       640   0.02253   0.08824  0.005532 2.527e-05 0.0009919   0.01743   0.02457    0.0173
   178/299     2.26G    0.0286   0.03574   0.02781        15       640   0.05533   0.06373   0.01031 4.559e-05  0.001512   0.01726   0.02105   0.01729
   179/299     2.26G   0.02702   0.03352   0.02906        21       640   0.09048   0.06863   0.01076  4.11e-05  0.002157   0.01787   0.02138   0.01745
   180/299     2.26G   0.02799   0.03337   0.02793         8       640    0.1391   0.07843   0.01696         0  0.002747   0.01828   0.02249   0.01787
   181/299     2.26G   0.02633   0.03254   0.02614        21       640    0.1089   0.08333   0.01214 4.174e-05  0.002282   0.01844   0.02113   0.01814
   182/299     2.26G   0.02594   0.03055   0.02748        12       640    0.1153   0.07843   0.02003 0.0001989  0.003916   0.01854   0.02264   0.01817
   183/299     2.26G   0.02567   0.02868   0.02774        20       640   0.07048   0.07843   0.01356         0   0.00346   0.01967   0.02403   0.01838
   184/299     2.26G   0.02709   0.03019   0.02959        14       640    0.1227   0.06373    0.0158 0.0001822  0.003506   0.01867   0.01996   0.01815
   185/299     2.26G   0.02584   0.02765   0.02833        31       640    0.1009   0.08333     0.015 0.0002593  0.002178   0.01868   0.01895    0.0179
   186/299     2.26G   0.02374   0.02736   0.02444        28       640   0.06722   0.07353  0.008759  7.17e-05  0.001352   0.01885   0.01952    0.0179
   187/299     2.26G   0.02382   0.02566     0.028        13       640    0.1236   0.08333   0.02415         0  0.003463   0.01913   0.01942   0.01772
   188/299     2.26G   0.02579   0.03196   0.02636        13       640    0.0706   0.08824  0.007623         0  0.001433   0.01885   0.02108   0.01813
   189/299     2.26G    0.0281   0.03298   0.02846        21       640    0.0411   0.07843  0.009302   0.00167  0.002479   0.01866   0.02404   0.01808
   190/299     2.26G    0.0288   0.03264    0.0281        24       640   0.04658    0.1176  0.009532 0.0001043  0.001946   0.01735   0.02115   0.01843
   191/299     2.26G   0.02724   0.03038   0.02941        18       640   0.05529   0.09804  0.008276 4.443e-05  0.001729   0.01729   0.02228   0.01845
   192/299     2.26G    0.0264   0.03246   0.02723        25       640   0.09273    0.1029   0.01679 0.0002594  0.002958   0.01759   0.02573   0.01812
   193/299     2.26G   0.02655   0.02996   0.02844        15       640    0.1738   0.08824   0.02793         0  0.004854   0.01742     0.031   0.01828
   194/299     2.26G    0.0262   0.02941   0.02671        23       640    0.1643   0.08333   0.02913 0.0003409  0.006238   0.01703   0.03048   0.01815
   195/299     2.26G   0.02765   0.02953    0.0284        17       640    0.1201   0.07843   0.02326         0  0.003446   0.01826   0.02528   0.01835
   196/299     2.26G    0.0263   0.03035   0.02854        17       640    0.1192    0.1029    0.0178 5.571e-05  0.004268   0.01735   0.03491   0.01789
   197/299     2.26G   0.02753   0.03174   0.02772        23       640    0.1089   0.07843   0.01281         0   0.00202   0.01893   0.02086   0.01806
   198/299     2.26G   0.02681   0.04014   0.02805        18       640   0.08252   0.08824   0.01152 0.0001345  0.002722    0.0171   0.02164   0.01767
   199/299     2.26G   0.02601   0.04341   0.02771        18       640   0.06005    0.1029   0.01089         0  0.002099   0.01732   0.02251   0.01773
   200/299     2.26G   0.02586   0.04167   0.02828        14       640    0.1049    0.1225    0.0228 0.0006378   0.00501   0.01609    0.0214    0.0178
   201/299     2.26G   0.02874   0.03567   0.02728        33       640   0.04876    0.1863   0.01353 1.438e-05  0.002524   0.01792   0.01963   0.01771
   202/299     2.26G   0.02859   0.03302   0.02826        17       640    0.1225    0.1225   0.03395         0  0.004925   0.01817   0.02563   0.01788
   203/299     2.26G   0.02618   0.02991   0.02702        19       640    0.1486    0.1029   0.04575  0.001676  0.007347   0.01825   0.02919   0.01777
   204/299     2.26G   0.02275   0.02741   0.02428        12       640   0.07396    0.1324   0.01664 2.737e-05  0.004331   0.01803   0.02377   0.01787
   205/299     2.26G   0.02613   0.02852   0.02805        20       640   0.07076    0.1127   0.01713 4.219e-05   0.00504   0.01755   0.02665   0.01777
   206/299     2.26G   0.02502   0.02506   0.02804        18       640    0.1084    0.1471   0.02913  0.000115  0.006109   0.01759   0.02188   0.01781
   207/299     2.26G   0.02465   0.02849   0.02838        21       640     0.127    0.1127   0.02971         0  0.004484    0.0184   0.01962   0.01808
   208/299     2.26G   0.02753   0.03083   0.02769        24       640    0.1062   0.03922   0.01001 0.0001641  0.002054   0.01857   0.02154   0.01828
   209/299     2.26G    0.0261   0.03212   0.02891        18       640    0.1161   0.06373   0.02077         0  0.002567   0.01932   0.02333   0.01867
   210/299     2.26G   0.02877   0.02922   0.02782        25       640   0.05986   0.09804   0.01374 0.0002518  0.002773   0.01827   0.01853   0.01842
   211/299     2.26G   0.02511   0.02782   0.02862        26       640    0.1746   0.06863   0.04152         0   0.00728   0.01877   0.01846   0.01835
   212/299     2.26G   0.02597   0.02918   0.02817        14       640    0.1761   0.09804   0.05252 0.0002808  0.008505   0.01816      0.02   0.01792
   213/299     2.26G   0.02671   0.02731   0.02805        11       640   0.03889    0.1029  0.008143 0.0003993  0.001765   0.01769   0.02113   0.01774
   214/299     2.26G   0.02531   0.02859   0.02723        14       640   0.09202    0.1225   0.03054         0  0.005171   0.01751   0.02011   0.01757
   215/299     2.26G   0.02511   0.02751   0.02729         6       640    0.0891    0.1324   0.02133         0  0.003442   0.01776   0.02143   0.01769
   216/299     2.26G   0.02552   0.02572   0.02641        21       640   0.09781    0.1127   0.02332 4.499e-05  0.005228   0.01812   0.02062   0.01789
   217/299     2.26G    0.0256   0.02419   0.02779        26       640    0.1294    0.1863   0.03198 0.0001658  0.005326   0.01716   0.01807   0.01736
   218/299     2.26G   0.02333   0.02376   0.02711        18       640     0.103    0.1618   0.02842 0.0005214  0.007802   0.01534   0.01925   0.01731
   219/299     2.26G   0.02392   0.02682   0.02761        18       640    0.1495    0.1618   0.04032  0.000712  0.009156   0.01576   0.01856   0.01744
   220/299     2.26G   0.02448   0.02615   0.02606        19       640    0.1108     0.201   0.04576 0.0007372  0.008261   0.01709   0.01818   0.01746
   221/299     2.26G   0.02587   0.02906   0.02696        18       640    0.1431    0.1275   0.03379  0.000321  0.007536   0.01646   0.01747   0.01753
   222/299     2.26G   0.02475   0.02697   0.02751        13       640    0.1686    0.1078   0.04022 0.0005706  0.009905   0.01659   0.01799   0.01759
   223/299     2.26G   0.02586   0.02626   0.02672        10       640    0.1111    0.1422   0.03775 0.0001511  0.006717   0.01661   0.01861   0.01757
   224/299     2.26G   0.02451   0.02628   0.02773         9       640     0.147    0.2255   0.05753 0.0003545   0.01016   0.01618   0.01558   0.01735
   225/299     2.26G    0.0239    0.0247   0.02805        12       640    0.1555    0.1765   0.04257 0.0008825  0.007684   0.01621   0.01566   0.01733
   226/299     2.26G   0.02549   0.02625   0.02787        25       640    0.1498    0.1765   0.04412 0.0003093  0.007506    0.0165   0.01779   0.01735
   227/299     2.26G   0.02482   0.02496   0.02723        20       640    0.1387    0.2206   0.03984 0.0001965  0.007322    0.0167   0.01944    0.0174
   228/299     2.26G   0.02264   0.02479   0.02695        22       640   0.05038    0.1275   0.00879 1.518e-05  0.001637   0.01807   0.02023   0.01795
   229/299     2.26G   0.02471   0.02862   0.02726        27       640   0.05523    0.1373  0.009648 0.0002541  0.001814   0.01803   0.02431   0.01793
   230/299     2.26G    0.0238   0.02863   0.02743        25       640   0.05403   0.07843  0.007852 4.258e-05  0.001824   0.01848   0.01932   0.01788
   231/299     2.26G   0.02551   0.02564   0.02671        25       640   0.06929    0.1225   0.01965 6.581e-05  0.002787   0.01852   0.01783   0.01787
   232/299     2.26G   0.02552    0.0226    0.0278         9       640    0.0903    0.1373   0.03076  0.001324  0.006883   0.01659   0.01845   0.01762
   233/299     2.26G   0.02279   0.02304   0.02715        20       640    0.1198    0.1029   0.02815 6.779e-05  0.005731   0.01718    0.0201   0.01758
   234/299     2.26G   0.02289    0.0237   0.02792        20       640    0.1834   0.09804     0.035 8.746e-05  0.009447   0.01662   0.01945   0.01747
   235/299     2.26G   0.02346   0.02317   0.02628        23       640     0.146    0.1127   0.03562 0.0001001  0.008726   0.01668   0.01912    0.0175
   236/299     2.26G    0.0239   0.02544   0.02762        22       640    0.1777    0.1176   0.03332 0.0001735  0.008123    0.0159   0.01698   0.01758
   237/299     2.26G   0.02549   0.02537   0.02755        23       640    0.1969    0.1618    0.0554  0.005146   0.01205   0.01525   0.01761   0.01741
   238/299     2.26G   0.02404   0.02155   0.02648        12       640    0.1514    0.1661   0.03869 0.0002712   0.00983   0.01594   0.01749   0.01745
   239/299     2.26G   0.02452   0.02617    0.0263        21       640    0.1916    0.1667   0.05954  0.002341    0.0122   0.01613    0.0178   0.01741
   240/299     2.26G   0.02343   0.02121   0.02714        19       640    0.1562    0.1225   0.04582  0.003064  0.008701   0.01608   0.01762    0.0174
   241/299     2.26G   0.02375    0.0242   0.02771        10       640    0.2242    0.1716   0.05894 0.0006394   0.01214    0.0158   0.01673   0.01726
   242/299     2.26G   0.02186   0.02468   0.02664        24       640    0.1728    0.1275   0.03989   0.00133  0.008773   0.01667    0.0169   0.01724
   243/299     2.26G   0.02151   0.02269   0.02704        15       640    0.1368   0.09804   0.02469  0.003211  0.006734    0.0173   0.01666   0.01733
   244/299     2.26G   0.02483    0.0218   0.02695        23       640    0.1732    0.1459   0.05206 0.0004766  0.009493   0.01762   0.01649   0.01757
   245/299     2.26G   0.02661   0.02292   0.02753        20       640    0.1906    0.1765   0.05998 2.575e-05    0.0102   0.01712   0.01668   0.01738
   246/299     2.26G    0.0239   0.02155   0.02771        10       640    0.2094    0.1863   0.06409 0.0001892   0.01075   0.01643   0.01663    0.0172
   247/299     2.26G   0.02365   0.02234   0.02735        18       640    0.1744    0.2206   0.06019  0.002172   0.01569   0.01505   0.01686   0.01716
   248/299     2.26G   0.02364    0.0234   0.02682        22       640     0.201    0.2255   0.07207  0.001334   0.01513   0.01534   0.01712   0.01728
   249/299     2.26G   0.02455   0.02139   0.02613        11       640    0.2185    0.2536    0.0897  0.001037   0.02205   0.01462   0.01631   0.01711
   250/299     2.26G   0.02308   0.02318   0.02567        15       640    0.1893    0.2892   0.09084  0.002492   0.02155   0.01425   0.01564     0.017
   251/299     2.26G    0.0225   0.02201   0.02665        23       640    0.2113    0.2353   0.07514  0.001676   0.01804   0.01453   0.01596   0.01694
   252/299     2.26G   0.02341   0.02158    0.0264         9       640    0.1908    0.2843   0.07106 0.0007444   0.01415   0.01575   0.01565   0.01697
   253/299     2.26G     0.022   0.02183   0.02655         7       640    0.3234    0.1716   0.09829 0.0005381   0.01781   0.01516   0.01631   0.01703
   254/299     2.26G   0.02315   0.02259   0.02741        16       640    0.1511    0.2108   0.04566 0.0001458   0.01028   0.01647   0.01848   0.01679
   255/299     2.26G   0.02411   0.02212   0.02663        23       640    0.1552    0.2549   0.05255 0.0001625   0.01101   0.01608   0.01736   0.01681
   256/299     2.26G   0.02155   0.02329   0.02526        18       640    0.2165    0.2195   0.07058  0.001425   0.01453   0.01498   0.01663   0.01704
   257/299     2.26G   0.02383   0.02215   0.02671        18       640    0.2725    0.3137    0.1307 0.0004655   0.02374   0.01517   0.01578    0.0169
   258/299     2.26G   0.02237   0.02187   0.02721        15       640     0.216     0.299   0.08903 8.945e-05   0.01711   0.01546   0.01625   0.01702
   259/299     2.26G   0.02272   0.02252   0.02638        21       640    0.2196    0.3088   0.09693 3.945e-05   0.02109   0.01531   0.01623   0.01697
   260/299     2.26G   0.02323   0.02203   0.02693        18       640    0.2283    0.2794     0.106 0.0007137   0.01871   0.01481   0.01741   0.01687
   261/299     2.26G   0.02229    0.0245   0.02645        12       640    0.2126    0.2108   0.07137  0.001684   0.01722   0.01511   0.01758    0.0171
   262/299     2.26G    0.0242    0.0218    0.0271        11       640    0.2506      0.25    0.1012 0.0003167   0.01777   0.01509   0.01591   0.01685
   263/299     2.26G   0.02239   0.02047   0.02672        25       640    0.2511    0.2794    0.1203 0.0005419   0.02367    0.0149   0.01661   0.01677
   264/299     2.26G   0.02227   0.02027   0.02665        24       640    0.1689    0.1863   0.04859 0.0004468  0.009527   0.01573    0.0174   0.01705
   265/299     2.26G   0.02291    0.0223   0.02677        16       640    0.2308    0.3382    0.1085   0.00628   0.02709   0.01458   0.02066   0.01678
   266/299     2.26G   0.02513   0.02285    0.0266        21       640     0.264    0.2745    0.1154  0.000807   0.02524   0.01464   0.01631   0.01682
   267/299     2.26G   0.02219   0.02142   0.02605        16       640    0.1829    0.2892    0.0798  0.002949   0.01902    0.0148   0.01635    0.0169
   268/299     2.26G   0.02404   0.02109   0.02648        19       640    0.1703    0.2549   0.06491  0.002548   0.01381   0.01476   0.01751   0.01678
   269/299     2.26G   0.02317    0.0209   0.02611        26       640     0.243    0.2926   0.09699  0.001329   0.01777   0.01496   0.01737   0.01685
   270/299     2.26G    0.0232   0.02177    0.0271        19       640     0.273    0.3284    0.1101   0.00253   0.02259     0.014   0.01883   0.01676
   271/299     2.26G   0.02185   0.01981   0.02705        12       640    0.3315    0.3529    0.1568   0.00215   0.03028   0.01392   0.02005   0.01673
   272/299     2.26G   0.02335   0.02187   0.02641        19       640     0.236      0.25   0.08435 0.0006826   0.01884   0.01495    0.0154   0.01708
   273/299     2.26G   0.02344   0.02211   0.02584        20       640    0.3604    0.2541    0.1394  0.002613   0.02657   0.01391   0.01495   0.01686
   274/299     2.26G   0.02255   0.02144   0.02628        19       640    0.3154     0.348    0.1904  0.001303   0.03778   0.01355   0.01498   0.01678
   275/299     2.26G   0.02232   0.02029   0.02589        27       640    0.3651    0.3088    0.1926 0.0009035   0.04518   0.01348   0.01458   0.01683
   276/299     2.26G   0.02316   0.02142   0.02725        25       640    0.3115    0.3725    0.1893  0.007989     0.052   0.01178   0.01404    0.0167
   277/299     2.26G   0.02096    0.0185   0.02615        22       640    0.3313    0.2843    0.1529  0.001243   0.03456   0.01385   0.01399   0.01676
   278/299     2.26G   0.02185   0.01915   0.02609        19       640    0.4214    0.3431    0.2091   0.01354   0.05142   0.01217   0.01278   0.01661
   279/299     2.26G   0.02156   0.01964   0.02632        11       640     0.444    0.3676    0.2131  0.003393   0.05072    0.0126   0.01269   0.01661
   280/299     2.26G   0.02286   0.02026   0.02516        14       640    0.3312    0.3922     0.203  0.004843   0.04807   0.01224   0.01246   0.01661
   281/299     2.26G   0.02247   0.01903    0.0263        13       640    0.3092    0.4314    0.2427  0.007318   0.06115   0.01186   0.01248   0.01656
   282/299     2.26G   0.02153   0.02044   0.02631        24       640    0.4004    0.3578    0.2845  0.009001   0.07094   0.01194   0.01322    0.0165
   283/299     2.26G   0.02075   0.01798   0.02635        15       640     0.393    0.3088    0.2252  0.004745   0.04548   0.01355   0.01563   0.01656
   284/299     2.26G   0.02232   0.01955   0.02683        22       640    0.2634    0.3627    0.1459   0.01004   0.03726   0.01273   0.01554   0.01679
   285/299     2.26G   0.02318   0.02586   0.02643        15       640    0.1788    0.3235    0.1184  0.003721   0.02599   0.01421   0.01644   0.01668
   286/299     2.26G   0.02192   0.02414   0.02643        29       640    0.3826    0.2647    0.1684  0.001698   0.03581   0.01281    0.0139   0.01672
   287/299     2.26G   0.02276   0.02069   0.02583        10       640    0.4189    0.2598    0.1745  0.002645   0.04049   0.01266   0.01357   0.01672
   288/299     2.26G   0.02124   0.01875   0.02574        16       640    0.4751    0.2402    0.1897  0.002027   0.03855     0.013   0.01472   0.01677
   289/299     2.26G   0.02074   0.01905    0.0261        12       640    0.4957    0.2843    0.2292   0.00263   0.05224   0.01268   0.01543   0.01665
   290/299     2.26G   0.02097    0.0192   0.02672        16       640    0.4188    0.3333    0.2441  0.004645   0.05174   0.01288   0.01623   0.01666
   291/299     2.26G   0.02181   0.01872   0.02698        15       640    0.6037    0.3137    0.2869  0.003743   0.06358   0.01243   0.01582   0.01658
   292/299     2.26G   0.02078   0.01769   0.02658        16       640    0.5465    0.3137    0.2883   0.01464   0.06459   0.01198   0.01478   0.01652
   293/299     2.26G   0.02158   0.01883   0.02565        13       640    0.3359    0.3578     0.213   0.00884   0.05367   0.01283    0.0156    0.0165
   294/299     2.26G   0.02138   0.01963   0.02527        33       640    0.4546    0.3922    0.2916  0.006766   0.06747   0.01197   0.01303   0.01645
   295/299     2.26G   0.01978   0.01776   0.02603         9       640    0.5032    0.3137    0.2687  0.007724   0.06099   0.01199   0.01264   0.01648
   296/299     2.26G   0.02259   0.01972   0.02552        19       640    0.4055    0.3676    0.2438  0.009922   0.05793   0.01209   0.01336   0.01651
   297/299     2.26G   0.01987   0.01689   0.02657        19       640     0.398     0.402    0.2497  0.005804   0.06191   0.01179   0.01307   0.01651
   298/299     2.26G   0.01881   0.01677   0.02653        12       640    0.3879    0.3873    0.2337   0.01019   0.05769    0.0122   0.01318   0.01654
   299/299     2.26G   0.01964   0.01843   0.02565        12       640    0.3488    0.3676    0.2262   0.01079     0.056   0.01211    0.0154   0.01657
