      0/49    0.617G 0.0002349    0.1751 0.0003247        18       640         0         0         0         0         0 8.834e-12   0.07294 5.643e-11
      1/49    0.612G  4.14e-05   0.04451 6.631e-05        17       640         0         0         0         0         0 3.804e-13   0.03669 2.121e-12
      2/49    0.621G 1.143e-06   0.02768 2.427e-06        27       640         0         0         0         0         0  1.71e-15   0.02698 8.213e-15
      3/49    0.621G 2.469e-08   0.02055 5.357e-08        22       640         0         0         0         0         0 2.047e-09   0.02086 4.447e-09
      4/49    0.621G 0.0007107   0.01756 0.0006616        14       640         0         0         0         0         0 5.861e-08   0.01686 1.117e-07
      5/49    0.621G 0.0004383   0.01394 0.0006202        12       640         0         0         0         0         0 6.086e-08   0.01432 1.107e-07
      6/49    0.623G 7.096e-11    0.0115  1.92e-10        32       640         0         0         0         0         0 4.678e-08   0.01267 8.247e-08
      7/49    0.623G  0.001004   0.01208  0.001065        22       640         0         0         0         0         0 3.879e-09   0.01118  7.04e-09
      8/49    0.623G 0.0001516   0.00926 0.0001462        10       640         0         0         0         0         0 2.343e-09    0.0101 3.958e-09
      9/49    0.623G 0.0003089  0.008622 0.0003257        26       640         0         0         0         0         0  1.16e-05  0.009253 1.576e-05
     10/49    0.623G  0.000742  0.008777 0.0006788        20       640         0         0         0         0         0  0.001145   0.01066 0.0009989
     11/49    0.623G   0.00056  0.007999 0.0005187         7       640         0         0         0         0         0  0.001467   0.01109  0.001424
     12/49    0.623G 7.705e-05   0.00655  0.000124        12       640         0         0         0         0         0  0.001376  0.009931  0.001328
     13/49    0.623G  0.001129  0.008201  0.001281        10       640         0         0         0         0         0 9.396e-08  0.006847 1.685e-07
     14/49    0.623G  0.001291  0.007913  0.001364        21       640         0         0         0         0         0 2.519e-05  0.006211 3.447e-05
     15/49    0.623G  0.001827  0.009635  0.001912        11       640         0         0         0         0         0  0.000163  0.006192 0.0001975
     16/49    0.623G 5.243e-05  0.005212  7.16e-05        25       640         0         0         0         0         0 0.0003571  0.006266 0.0004075
     17/49    0.623G  0.002496  0.009436  0.003128        14       640         0         0         0         0         0 0.0006932  0.006553 0.0007399
     18/49    0.623G  0.001275  0.006842  0.001316        12       640         0         0         0         0         0   0.00124   0.00749  0.001177
     19/49    0.623G  0.004092   0.01405  0.005056        32       640         0         0         0         0         0   0.01021   0.02732   0.01094
     20/49    0.623G  0.005097   0.01401  0.005592        26       640         0         0         0         0         0  0.007099   0.02345  0.008298
     21/49    0.623G   0.00724   0.02054   0.00756        10       640         0         0         0         0         0   0.01553   0.03994   0.01583
     22/49    0.623G  0.005177   0.01478  0.004676        17       640         0         0         0         0         0   0.01382   0.03781   0.01564
     23/49    0.623G   0.01378   0.03325   0.01484        18       640         0         0         0         0         0   0.01677   0.03712   0.01539
     24/49    0.623G    0.0226   0.05104    0.0253         9       640         0         0         0         0         0   0.02553    0.3196   0.02151
     25/49    0.623G   0.02522    0.0494   0.02538        14       640 0.0002203   0.01961 5.358e-06         0 5.985e-07    0.0244    0.4602   0.02557
     26/49    0.623G   0.02652   0.05132   0.02663        21       640         0         0         0         0         0   0.02889   0.08284   0.02677
     27/49    0.623G   0.02994   0.05669   0.03241        21       640 6.425e-05  0.004902 6.113e-07         0 6.113e-08   0.02726   0.09318    0.0255
     28/49    0.623G   0.02649    0.0542   0.02801        18       640  0.000548   0.01961 2.352e-05         0 3.077e-06   0.02628   0.07469    0.0242
     29/49    0.623G   0.02912   0.05526   0.02947        10       640  0.001758   0.01471 6.384e-05         0 1.569e-05   0.02542   0.06423   0.02353
     30/49    0.623G   0.02692   0.05177   0.02836        24       640  0.001955  0.009804 4.053e-05         0 1.478e-05   0.02276   0.04529   0.02278
     31/49    0.623G   0.02878   0.05214   0.02963        17       640   0.00424   0.02941 0.0002089         0 4.196e-05   0.02363   0.04626   0.02338
     32/49    0.623G   0.02928     0.055   0.03018        15       640    0.0149  0.004902 0.0002482 3.457e-06 9.528e-05   0.02675   0.04923   0.02559
     33/49    0.623G   0.03124   0.05573   0.03049        15       640  0.005304  0.009804 0.0001839 0.0001106 9.096e-05   0.02659   0.05036   0.02509
     34/49    0.623G   0.02979   0.05389   0.02969        15       640  0.002313   0.04412 0.0001712 1.217e-05 4.544e-05   0.02844   0.05032   0.02577
     35/49    0.623G   0.03022   0.05392    0.0293        13       640   0.00259  0.009804 0.0001395         0 4.322e-05    0.0271   0.04908   0.02552
     36/49    0.623G   0.03185   0.05571   0.03093        24       640  0.001567  0.004902 5.453e-05         0 6.753e-06   0.02774   0.04946   0.02578
     37/49    0.623G    0.0286   0.05449   0.02902        21       640   0.00146  0.009804 8.625e-05         0 1.258e-05   0.02825    0.0495   0.02624
     38/49    0.623G   0.03026   0.05104   0.02913        21       640    0.0136  0.009804 0.0003003 4.911e-05 7.556e-05   0.02661   0.04818   0.02561
     39/49    0.623G   0.03026   0.05407    0.0294        27       640  0.008227  0.009804 0.0003406 5.415e-05 0.0001032   0.02725    0.0475    0.0257
     40/49    0.623G   0.03001   0.05171   0.03014        25       640   0.01817  0.009804 0.0002673         0 2.732e-05   0.02777   0.04674   0.02575
     41/49    0.623G   0.03013   0.05369   0.02959        23       640  0.004425   0.01961 0.0002854         0  3.47e-05   0.02704   0.04663   0.02518
     42/49    0.623G   0.02961   0.05289   0.03052        11       640  0.003096   0.01471 0.0001722         0 7.321e-05   0.02633   0.04692   0.02469
     43/49    0.623G   0.02825   0.05235   0.02998        29       640  0.003111   0.03431 0.0001867 4.352e-05 5.611e-05    0.0264   0.04598   0.02481
     44/49    0.623G   0.03145   0.05266   0.02965        15       640  0.002657   0.01471 0.0001168 4.126e-06 3.325e-05   0.02287   0.04107   0.02208
     45/49    0.623G   0.02769   0.04943   0.02729         9       640  0.004264   0.01961 0.0001238 6.828e-06 2.386e-05   0.02339   0.04306    0.0223
     46/49    0.623G   0.02873   0.05174   0.02759        42       640 0.0007575  0.004902 2.103e-05         0 4.513e-06   0.02413    0.0423   0.02203
     47/49    0.623G   0.02875   0.05118   0.02834        24       640 0.0009494   0.01961 2.939e-05         0 4.113e-06   0.02459   0.04286   0.02259
     48/49    0.623G   0.02732   0.04942   0.02776        18       640  0.001462   0.02941 6.509e-05 3.913e-06 1.598e-05   0.02364   0.04151   0.02182
     49/49    0.623G   0.03006   0.05078    0.0288        26       640  0.002404   0.01471  8.81e-05         0 1.624e-05   0.02397   0.04147    0.0217
