      0/49    0.617G 0.0002105    0.1751 0.0002974        18       640         0         0         0         0         0  8.86e-12   0.07294 5.655e-11
      1/49    0.602G 4.115e-05   0.04451 6.593e-05        17       640         0         0         0         0         0 3.821e-13   0.03669 2.129e-12
      2/49     0.64G 1.149e-06   0.02768  2.44e-06        27       640         0         0         0         0         0 1.704e-15   0.02698 8.184e-15
      3/49     0.64G 2.461e-08   0.02055 5.327e-08        22       640         0         0         0         0         0 1.631e-09   0.02086 3.554e-09
      4/49    0.642G 0.0006933   0.01753 0.0006395        14       640         0         0         0         0         0 6.457e-08   0.01687 1.242e-07
      5/49    0.642G  0.000427   0.01393 0.0006023        12       640         0         0         0         0         0 2.209e-08   0.01435 3.983e-08
      6/49    0.642G  2.63e-10    0.0115 6.583e-10        32       640         0         0         0         0         0 1.702e-08   0.01269 3.006e-08
      7/49    0.642G  0.001102   0.01222  0.001197        22       640         0         0         0         0         0 5.471e-09   0.01129 9.201e-09
      8/49    0.642G 2.971e-06  0.009033 4.766e-06        10       640         0         0         0         0         0 1.861e-09   0.01019 3.056e-09
      9/49    0.642G 0.0003551  0.008721 0.0003869        26       640         0         0         0         0         0 1.082e-06  0.009161 1.615e-06
     10/49    0.642G  0.000628  0.008741 0.0004539        20       640         0         0         0         0         0  0.000795  0.009775  0.000856
     11/49    0.642G  2.03e-07  0.006906 4.907e-07         7       640         0         0         0         0         0 0.0007111  0.009149 0.0007775
     12/49    0.642G 5.407e-05  0.006515 6.878e-05        12       640         0         0         0         0         0 0.0004295  0.008146 0.0006442
     13/49    0.642G  0.001152  0.008327  0.001387        10       640         0         0         0         0         0 1.439e-09  0.006763 2.285e-09
     14/49    0.642G 2.342e-06   0.00561 4.327e-06        21       640         0         0         0         0         0 6.164e-08  0.006435 1.104e-07
     15/49    0.642G  0.000515  0.006155 0.0006136        11       640         0         0         0         0         0 3.876e-08   0.00609 6.672e-08
     16/49    0.642G 0.0003501  0.005613 0.0003576        25       640         0         0         0         0         0 3.312e-07  0.005803 5.424e-07
     17/49    0.642G 0.0001286   0.00498 0.0002636        14       640         0         0         0         0         0 7.113e-08  0.005573 1.131e-07
     18/49    0.642G 1.258e-05  0.004597 1.658e-05        12       640         0         0         0         0         0 1.462e-07  0.005316 2.192e-07
     19/49    0.642G 1.896e-06  0.004397 3.058e-06        32       640         0         0         0         0         0 1.649e-07  0.005088 2.448e-07
     20/49    0.642G 0.0008317   0.00569 0.0009195        26       640         0         0         0         0         0  4.27e-08  0.004909 6.892e-08
     21/49    0.642G 1.904e-09  0.004042 4.097e-09        10       640         0         0         0         0         0 5.079e-07  0.004686 7.996e-07
     22/49    0.642G 0.0008734   0.00551 0.0007006        17       640         0         0         0         0         0 2.236e-07  0.004541 3.645e-07
     23/49    0.642G 1.017e-05  0.003775 2.147e-05        18       640         0         0         0         0         0 1.202e-07  0.004386 1.879e-07
     24/49    0.642G 0.0004966  0.004578 0.0004053         9       640         0         0         0         0         0 1.246e-07  0.004278 1.922e-07
     25/49    0.642G 0.0004377  0.004246 0.0005673        14       640         0         0         0         0         0 9.344e-08  0.004098 1.489e-07
     26/49    0.642G 0.0005141  0.004264 0.0007473        21       640         0         0         0         0         0 1.066e-07  0.003994 1.706e-07
     27/49    0.642G 0.0007656  0.004866 0.0008937        21       640         0         0         0         0         0 2.019e-08  0.003878 3.305e-08
     28/49    0.642G 0.0005478   0.00425 0.0004856        18       640         0         0         0         0         0 1.717e-07    0.0038 2.696e-07
     29/49    0.642G 1.132e-05   0.00313 1.667e-05        10       640         0         0         0         0         0 6.211e-08  0.003706 9.955e-08
     30/49    0.642G 6.236e-05  0.003133  9.61e-05        24       640         0         0         0         0         0 3.317e-08   0.00362 5.496e-08
     31/49    0.642G 0.0002241  0.003338 0.0003423        17       640         0         0         0         0         0 1.017e-07   0.00354 1.723e-07
     32/49    0.642G   0.00202  0.007656  0.002273        15       640         0         0         0         0         0 0.0001703  0.003663 0.0002073
     33/49    0.642G 0.0003348  0.003432 0.0004605        15       640         0         0         0         0         0 0.0006968  0.004583 0.0007527
     34/49    0.642G  0.001834  0.006343  0.002022        15       640         0         0         0         0         0  0.000771  0.004637 0.0007972
     35/49    0.642G  0.001883   0.00633  0.001921        13       640         0         0         0         0         0   0.00144  0.005849  0.001408
     36/49    0.642G 0.0003333  0.003255  0.000552        24       640         0         0         0         0         0  0.001641  0.006217  0.001591
     37/49    0.642G  0.001731  0.007599  0.002212        21       640         0         0         0         0         0  0.001317  0.005645  0.001243
     38/49    0.642G  0.001448  0.005434   0.00175        21       640         0         0         0         0         0  0.001924  0.006666  0.001823
     39/49    0.642G  0.002119  0.007187  0.002456        27       640         0         0         0         0         0    0.0011  0.004941  0.001026
     40/49    0.642G  0.002689  0.008399  0.002995        25       640         0         0         0         0         0  0.006684   0.01458  0.006624
     41/49    0.642G  0.006418   0.01845  0.008265        23       640         0         0         0         0         0  0.006741   0.01463  0.006703
     42/49    0.642G   0.01106   0.02688   0.01198        11       640         0         0         0         0         0   0.01591   0.03599   0.01583
     43/49    0.642G   0.01394   0.03811   0.01714        29       640         0         0         0         0         0   0.01873   0.04165   0.01828
     44/49    0.642G   0.01946   0.04451   0.01968        15       640         0         0         0         0         0   0.02486   0.05759    0.0251
     45/49    0.642G    0.0184   0.04658   0.02066         9       640         0         0         0         0         0   0.02702   0.05351   0.02466
     46/49    0.642G   0.02267   0.05388   0.02481        42       640         0         0         0         0         0   0.02829    0.0571   0.02715
     47/49    0.642G   0.02229   0.05133    0.0238        24       640         0         0         0         0         0   0.02854   0.05423   0.02644
     48/49    0.642G   0.02538   0.05493   0.02686        18       640 0.0007332  0.004902 8.286e-06         0 2.817e-06   0.02539   0.06602   0.02577
     49/49    0.642G   0.02817   0.05356    0.0273        26       640  0.000538   0.04412 2.817e-05         0 4.441e-06    0.0231    0.1292   0.02471
